[
    [
        [
            121.7890625,
            119
        ],
        [
            126.7890625,
            509
        ],
        [
            370.7890625,
            502
        ],
        [
            363.7890625,
            133
        ],
        [
            134.7890625,
            116
        ]
    ],
    [
        [
            438.7890625,
            130
        ],
        [
            447.7890625,
            502
        ],
        [
            667.7890625,
            490
        ],
        [
            667.7890625,
            130
        ],
        [
            397.7890625,
            135
        ]
    ]
]